#t Vm Li6 Li7 Q A delta7 Li
0 -40 0 0 140 20 10.7437740274714 0
5 -39.317729330408 0.0108671280254311 0.132018017664252 139.986561734342 20 10.7479329234843 0.142885145689683
10 -38.6462943572268 0.0216056724267327 0.262475057695187 139.972757178568 20 10.7521892468394 0.28408073012192
15 -37.9855648217155 0.0322173259425391 0.39139170213422 139.958588771825 20 10.7565425870826 0.423609028076759
20 -37.335411873567 0.0427037552852146 0.518788216071232 139.944059029016 20 10.760992490364 0.561491971356447
25 -36.6957080288144 0.0530666019186019 0.644684557085529 139.929170538569 20 10.7655384604259 0.697751159004131
30 -36.0663271298134 0.0633074828088851 0.76910038436152 139.913925960161 20 10.7701799596127 0.832407867170405
35 -35.4471443072528 0.0734279911488777 0.89205506748287 139.898328022408 20 10.7749164099058 0.965483058631748
40 -34.838035944145 0.0834296970560814 1.01356769490929 139.882379520525 20 10.7797471939788 1.09699739196537
45 -34.2388796417434 0.0933141482448958 1.13365708214056 139.866083313951 20 10.7846716562709 1.22697123038545
50 -33.649554187337 0.10308287067339 1.25234177957269 139.849442323961 20 10.7896891040753 1.35542465024608
55 -33.0699395238672 0.112737369165072 1.36964008005166 139.832459531252 20 10.7947988086432 1.48237744921673
60 -32.4999167213114 0.12227912800613 1.48557002613012 139.81513797352 20 10.8000000062982 1.60784915413625
65 -31.9393679497803 0.131709611518625 1.60014941703323 139.797480743025 20 10.8052918995625 1.73185902855185
70 -31.3881764542697 0.141030264610151 1.71339581533964 139.77949098415 20 10.8106736582894 1.85442607994979
75 -30.8462265310119 0.150242513300497 1.82532655338403 139.761171890961 20 10.8161444208035 1.97556906668453
80 -30.3134035053689 0.159347765225856 1.93595873938797 139.742526704762 20 10.8217032950437 2.09530650461382
85 -29.7895937112095 0.16834741012114 2.0453092633257 139.723558711664 20 10.8273493597117 2.21365667344684
90 -29.2746844717127 0.177242820280991 2.15339480253202 139.704271240155 20 10.8330816654172 2.33063762281301
95 -28.7685640815403 0.186035351000062 2.26023182705918 139.684667658688 20 10.8388992358259 2.44626717805924
100 -28.2711217903206 0.194726340993176 2.36583660479018 139.664751373278 20 10.8448010688047 2.56056294578335
105 -27.7822477873862 0.20331711279596 2.47022520631565 139.644525825124 20 10.850786137562 2.67354231911161
110 -27.3018331877093 0.21180897314658 2.57341350958177 139.623994488243 20 10.8568533917841 2.78522248272835
115 -26.8297700189778 0.220203213349165 2.67541720431661 139.603160867139 20 10.8630017587641 2.89562041766578
120 -26.3659512097568 0.228501109619569 2.77625179624239 139.582028494483 20 10.8692301445248 3.00475290586196
125 -25.910270578681 0.236703923414069 2.8759326110811 139.560600928836 20 10.8755374349307 3.11263653449516
130 -25.4626228246219 0.244812901741618 2.9744747983609 139.538881752392 20 10.8819224967904 3.21928770010251
135 -25.0229035177802 0.252829277460277 3.07189333503089 139.516874568759 20 10.8883841789491 3.32472261249117
140 -24.5910090916467 0.260754269558434 3.16820302889147 139.49458300077 20 10.8949213133669 3.4289572984499
145 -24.166836835784 0.268589083421416 3.26341852184768 139.472010688338 20 10.9015327161857 3.5320076052691
150 -23.7502848893772 0.276334911084099 3.35755429299293 139.449161286335 20 10.9082171887802 3.63388920407703
155 -23.3412522355049 0.283992931470109 3.45062466153007 139.426038462527 20 10.9149735187968 3.73461759300018
160 -22.9396386960827 0.291564310618206 3.54264378953715 139.402645895535 20 10.9218004811724 3.83420810015536
165 -22.5453449274329 0.29905020189642 3.6336256845847 139.378987272849 20 10.9286968391413 3.93267588648112
170 -22.1582724164352 0.306451746204522 3.72358420221141 139.355066288875 20 10.9356613452221 4.03003594841594
175 -21.7783234772147 0.313770072165375 3.81253304826511 139.330886643037 20 10.9426927421874 4.12630312043048
180 -21.405401248324 0.321006296305726 3.90048578111545 139.306452037913 20 10.9497897640161 4.22149207742117
185 -21.039409690379 0.328161523226962 3.98745581374499 139.281766177424 20 10.9569511368268 4.31561733697195
190 -20.680253584109 0.335236845766361 4.07345641572486 139.256832765067 20 10.9641755797898 4.40869326149122
195 -20.3278385287824 0.342233345149354 4.1585007150812 139.231655502197 20 10.9714618060235 4.50073406023056
200 -19.9820709409703 0.34915209113328 4.24260170005848 139.206238086348 20 10.9788085234661 4.59175379119176
205 -19.642858053615 0.355994142143136 4.32577222078544 139.180584209615 20 10.9862144357309 4.68176636292858
210 -19.3101079153672 0.362760545399778 4.40802499084944 139.154697557076 20 10.9936782429387 4.77078553624922
215 -18.9837293901605 0.369452337041039 4.48937258878462 139.128581805259 20 11.0011986425309 4.85882492582566
220 -18.6636321569925 0.3760705422362 4.56982745947932 139.102240620665 20 11.00877433006 4.94589800171552
225 -18.3497267098816 0.382616175294239 4.64940191550783 139.075677658339 20 11.0164039999601 5.03201809080207
230 -18.0419243579728 0.389090239766278 4.72810813839154 139.048896560479 20 11.024086346296 5.11719837815782
235 -17.7401372257647 0.395493728542619 4.80595817979417 139.021900955108 20 11.0318200634911 5.20145190833679
240 -17.4442782534331 0.40182762394475 4.88296396265592 138.994694454782 20 11.0396038470333 5.28479158660067
245 -17.1542611972261 0.408092897812699 4.95913728227069 138.967280655351 20 11.0474363941608 5.36723018008339
250 -16.8700006299092 0.414290511588075 5.03448980731099 138.939663134769 20 11.0553164045242 5.44878031889907
255 -16.5914119412379 0.420421416393144 5.1090330808043 138.911845451947 20 11.0632425808306 5.52945449719744
260 -16.3184113384388 0.426486553106265 5.18277852106502 138.883831145653 20 11.0712136294644 5.60926507417129
265 -16.0509158466794 0.432486852433989 5.25573742258573 138.855623733463 20 11.079228261087 5.68822427501972
270 -15.7888433095092 0.438423234980113 5.3279209568912 138.827226710751 20 11.0872851912167 5.76634419187131
275 -15.5321123892565 0.444296611311989 5.39934017335869 138.79864354973 20 11.0953831407872 5.84363678467068
280 -15.2806425673643 0.450107882024334 5.47000600000778 138.76987769853 20 11.103520836685 5.92011388203211
285 -15.0343541446521 0.455857937800803 5.53992924426265 138.740932580332 20 11.1116970122676 5.99578718206345
290 -14.7931682414905 0.461547659473572 5.60912059368995 138.71181159253 20 11.1199104078614 6.07066825316353
295 -14.5570067978759 0.467177918081151 5.67759061671485 138.682518105945 20 11.1281597712374 6.144768534796
300 -14.3257925733952 0.472749574924643 5.7453497633179 138.653055464083 20 11.1364438580714 6.21809933824254
305 -14.0994491470703 0.478263481622655 5.81240836571523 138.623426982424 20 11.144761432381 6.29067184733788
310 -13.8779009170727 0.483720480165046 5.87877663902436 138.593635947757 20 11.1531112669445 6.36249711918941
315 -13.6610731003013 0.489121402965702 5.94446468191777 138.563685617558 20 11.161492143704 6.43358608488347
320 -13.4488917318149 0.494467072914493 6.00948247726625 138.533579219398 20 11.1699028541439 6.50394955018075
325 -13.2412836641139 0.499758303428573 6.07383989277404 138.503319950394 20 11.1783421996581 6.57359819620261
330 -13.0381765662652 0.504995898503177 6.13754668160736 138.472910976699 20 11.1868089918932 6.64254258011054
335 -12.8394989228655 0.510180652762037 6.20061248301815 138.442355433019 20 11.1953020530793 6.71079313578018
340 -12.6451800328393 0.515313351507553 6.26304682296441 138.411656422173 20 11.2038202163394 6.77836017447196
345 -12.4551500080672 0.520394770770835 6.32485911472866 138.380817014688 20 11.2123623259845 6.84525388549949
350 -12.2693397718431 0.525425677361718 6.38605865953574 138.349840248417 20 11.220927237793 6.91148433689745
355 -12.0876810571572 0.530406828918845 6.44665464717118 138.318729128203 20 11.2295138192695 6.97706147609002
360 -11.9101064048032 0.535338973959927 6.50665615660126 138.287486625564 20 11.2381209498933 7.04199513056118
365 -11.7365491613104 0.540222851932238 6.5660721565957 138.256115678414 20 11.2467475213489 7.10629500852794
370 -11.5669434766969 0.545059193263432 6.62491150635392 138.22461919081 20 11.2553924377392 7.16997069961735
375 -11.4012243020485 0.549848719412749 6.68318295613567 138.193000032732 20 11.2640546157896 7.23303167554842
380 -11.2393273869191 0.554592142922663 6.74089514789678 138.161261039887 20 11.2727329850328 7.29548729081944
385 -11.0811892765579 0.559290167471032 6.79805661593059 138.129405013543 20 11.2814264879815 7.35734678340163
390 -10.9267473089607 0.563943487923792 6.85467578751579 138.097434720386 20 11.290134080288 7.41861927543958
395 -10.7759396117509 0.568552790388238 6.91076098357098 138.065352892407 20 11.2988547308901 7.47931377395921
400 -10.6287050988892 0.573118752266923 6.96632041931651 138.033162226807 20 11.307587422144 7.53943917158343
405 -10.4849834672165 0.577642042312208 7.02136220494394 138.000865385931 20 11.3163311499451 7.59900424725615
410 -10.3447151928313 0.582123320681489 7.07589434629334 137.968464997222 20 11.3250849238364 7.65801766697483
415 -10.2078415273058 0.586563238993116 7.12992474553876 137.935963653198 20 11.3338477671054 7.71648798453187
420 -10.0743044937429 0.590962440383014 7.18346120188202 137.903363911449 20 11.3426187168695 7.77442364226503
425 -9.94404688267825 0.595321559562036 7.23651141225495 137.870668294657 20 11.3513968241499 7.83183297181699
430 -9.81701224783133 0.599641222874033 7.28908297203023 137.83787929063 20 11.3601811539366 7.88872419490426
435 -9.69314490170804 0.60392204835465 7.34118337574067 137.804999352361 20 11.3689707852398 7.94510542409532
440 -9.5723899110605 0.608164645790862 7.39282001780728 137.772030898099 20 11.3777648111355 8.00098466359815
445 -9.45469309220729 0.612369616781223 7.44400019327572 137.738976311445 20 11.3865623387976 8.05636981005695
450 -9.34000100621865 0.616537554796838 7.49473109856129 137.705837941453 20 11.3953624895224 8.11126865335813
455 -9.22826095397117 0.620669045243044 7.54501983220228 137.67261810276 20 11.4041643987453 8.16568887744533
460 -9.11942097107641 0.624764665521784 7.59487339562155 137.639319075717 20 11.4129672160459 8.21963806114333
465 -9.01342982268813 0.628824985094667 7.6442986938961 137.605943106549 20 11.4217701051482 8.27312367899077
470 -8.91023699819272 0.632850565546689 7.69330253653462 137.572492407517 20 11.430572243909 8.32615310208131
475 -8.80979270578761 0.636841960650608 7.74189163826256 137.538969157095 20 11.4393728243019 8.37873359891316
480 -8.71204786695246 0.640799716431936 7.79007261981463 137.505375500168 20 11.4481710523919 8.43087233624657
485 -8.61695411081788 0.644724371234543 7.83785200873456 137.471713548229 20 11.4569661483037 8.4825763799691
490 -8.5244637684364 0.648616455786845 7.88523624018151 137.437985379597 20 11.4657573461829 8.53385269596836
495 -8.43452986696076 0.65247649326854 7.93223165774328 137.40419303964 20 11.4745438941508 8.58470815101182
500 -8.34710612373402 0.656304999377882 7.97884451425562 137.370338541009 20 11.4833250542516 8.6351495136335
505 -8.26214694029648 0.660102482399463 8.02508097262759 137.336423863884 20 11.4921001023967 8.68518345502706
510 -8.17960739631413 0.663869443272464 8.07094710667254 137.302450956226 20 11.5008683282998 8.73481654994501
515 -8.0994432434333 0.667606375659364 8.1164489019443 137.268421734037 20 11.5096290354078 8.78405527760367
520 -8.02161089906628 0.671313766015061 8.16159225657842 137.234338081629 20 11.5183815408277 8.83290602259348
525 -7.94606744011253 0.674992093656393 8.20638298213791 137.200201851902 20 11.5271251752471 8.8813750757943
530 -7.87277059662004 0.678641830832016 8.25082680446332 137.166014866623 20 11.5358592828501 8.92946863529534
535 -7.80167874539139 0.682263442792612 8.29492936452662 137.131778916719 20 11.5445832212278 8.97719280731923
540 -7.73275090353902 0.685857387861402 8.33869621928861 137.097495762569 20 11.5532963612888 9.02455360715001
545 -7.66594672199396 0.689424117504933 8.38213284255957 137.063167134304 20 11.561998087158 9.07155696006451
550 -7.60122647897255 0.692964076404095 8.4252446258626 137.028794732117 20 11.5706877960797 9.11820870226669
555 -7.53855107340516 0.696477702525363 8.46803687929944 136.994380226565 20 11.5793648983111 9.1645145818248
560 -7.47788201833129 0.699965427192209 8.5105148324184 136.959925258889 20 11.5880288170154 9.21048025961061
565 -7.41918143426487 0.70342767515667 8.55268363508398 136.925431441328 20 11.5966789881505 9.25611131024065
570 -7.36241204253403 0.706864864671036 8.59454835834779 136.890900357442 20 11.6053148603559 9.30141322301883
575 -7.30753715859893 0.71027740755963 8.63611399532062 136.856333562438 20 11.6139358948339 9.34639140288025
580 -7.25452068535168 0.713665709290647 8.67738546204499 136.821732583489 20 11.6225415652325 9.39105117133563
585 -7.20332710640193 0.717030169048036 8.71836759836819 136.787098920073 20 11.6311313575204 9.43539776741623
590 -7.15392147935171 0.720371179803378 8.75906516881521 136.752434044297 20 11.639704769866 9.47943634861858
595 -7.10626942906319 0.72368912838775 8.79948286346129 136.717739401232 20 11.6482613125077 9.52317199184904
600 -7.06033714092251 0.726984395563531 8.83962529880387 136.68301640925 20 11.6568005076283 9.5666096943674
605 -7.01609135410324 0.730257356096146 8.87949701863352 136.648266460353 20 11.6653218892213 9.60975437472967
610 -6.97349935483245 0.733508378825695 8.91910249490349 136.613490920518 20 11.673825002962 9.65261087372919
615 -6.9325289696627 0.73673782673846 8.95844612859776 136.578691130026 20 11.6823094060716 9.69518395533622
620 -6.89314855875275 0.739946057038264 8.99753225059704 136.543868403804 20 11.6907746671835 9.73747830763531
625 -6.85532700916014 0.743133421217645 9.03636512254274 136.509024031762 20 11.6992203662056 9.77949854376038
630 -6.8190337281481 0.746300265128841 9.07494893769823 136.474159279129 20 11.7076460941845 9.82124920282707
635 -6.7842386365099 0.749446929054538 9.11328782180756 136.439275386791 20 11.7160514531658 9.8627347508621
640 -6.75091216191287 0.752573747778391 9.151385833951 136.404373571629 20 11.7244360560551 9.9039595817294
645 -6.71902523226486 0.755681050655262 9.18924696739733 136.369455026853 20 11.732799526478 9.9449280180526
650 -6.68854926910543 0.75876916168118 9.22687515045263 136.334520922338 20 11.7411414986386 9.98564431213381
655 -6.65945618102406 0.76183839956299 9.26427424730525 136.299572404958 20 11.7494616171789 10.0261126468682
660 -6.63171835710771 0.764889077787678 9.30144805886675 136.26461059892 20 11.7577595370362 10.0663371366544
665 -6.60530866041972 0.767921504691346 9.33840032360872 136.229636606094 20 11.766034923302 10.1063218283001
670 -6.58020042151223 0.770935983527829 9.37513471839495 136.194651506344 20 11.7742874510784 10.1460707019228
675 -6.55636743197388 0.773932812536924 9.41165485930911 136.159656357855 20 11.7825168053365 10.185587671846
680 -6.53378393801482 0.776912285012228 9.4479643024775 136.124652197461 20 11.7907226807723 10.2248765874897
685 -6.51242463409071 0.779874689368558 9.48406654488673 136.089640040969 20 11.7989047816653 10.2639412342553
690 -6.49226465656736 0.782820309208945 9.51996502519621 136.054620883482 20 11.8070628217359 10.3027853344052
695 -6.47327957742766 0.785749423391183 9.55566312454521 136.019595699719 20 11.8151965240023 10.3414125479364
700 -6.45544539802231 0.78866230609392 9.59116416735431 135.984565444332 20 11.8233056206394 10.3798264734482
705 -6.43873854286573 0.791559226882281 9.6264714221212 135.949531052225 20 11.8313898528351 10.4180306490035
710 -6.4231358534786 0.794440450773006 9.66158810221049 135.914493438861 20 11.839448970651 10.4560285529835
715 -6.40861458227814 0.797306238299095 9.69651736663759 135.879453500582 20 11.8474827328807 10.4938236049367
720 -6.39515238651756 0.800156845573945 9.73126232084636 135.844412114907 20 11.855490906908 10.5314191664203
725 -6.38272732227556 0.802992524354971 9.7658260174805 135.809370140846 20 11.8634732685698 10.5688185418355
730 -6.37131783849718 0.8058135221067 9.80021145714854 135.774328419197 20 11.8714296020137 10.6060249792552
735 -6.3609027710867 0.808620082063329 9.83442158918225 135.739287772846 20 11.8793596995623 10.6430416712456
740 -6.35146133705387 0.811412443290739 9.86845931238854 135.704249007068 20 11.8872633615734 10.6798717556793
745 -6.34297312871394 0.814190840747953 9.90232747579449 135.669212909816 20 11.8951403963039 10.7165183165424
750 -6.33541810794259 0.816955505348038 9.93602887938567 135.634180252016 20 11.9029906197738 10.7529843847337
755 -6.32877660048628 0.819706664018433 9.9695662748375 135.599151787851 20 11.9108138556301 10.7892729388559
760 -6.32302929032884 0.822444539760708 10.0029423662397 135.564128255048 20 11.9186099350135 10.8253869060004
765 -6.31815721411476 0.825169351709739 10.0361598108136 135.52911037516 20 11.9263786964237 10.8613291625233
770 -6.31414175562987 0.827881315192296 10.0692212196223 135.49409885384 20 11.9341199855887 10.8971025348146
775 -6.31096464033981 0.830580641785046 10.1021291582738 135.459094381124 20 11.9418336553316 10.9327098000588
780 -6.3086079299868 0.833267539371954 10.134886147617 135.424097631695 20 11.9495195654422 10.9681536869889
785 -6.30705401724504 0.835942212201086 10.1674946644297 135.389109265157 20 11.9571775825458 11.0034368766308
790 -6.30628562043515 0.83860486094081 10.1999571421006 135.354129926297 20 11.9648075799768 11.0385620030414
795 -6.30628577829795 0.84125568273539 10.2322759713022 135.319160245349 20 11.9724094376512 11.0735316540376
800 -6.30703784482771 0.843894871259971 10.2644535006583 135.284200838254 20 11.9799830419411 11.1083483719183
805 -6.30852548416527 0.846522616774954 10.2964920374021 135.249252306913 20 11.9875282855495 11.1430146541771
810 -6.31073266555104 0.849139106179752 10.3283938480284 135.214315239438 20 11.9950450673871 11.1775329542082
815 -6.31364365833806 0.851744523065937 10.3601611589376 135.179390210407 20 12.0025332924516 11.2119056820035
820 -6.31724302706526 0.854339047769771 10.391796157072 135.144477781102 20 12.0099928717055 11.2461352048418
825 -6.32151562659082 0.856922857424117 10.4233009905457 135.109578499759 20 12.0174237219572 11.2802238479699
830 -6.32644659728587 0.859496126009733 10.4546777692657 135.074692901798 20 12.0248257657423 11.3141738952754
835 -6.33202136028822 0.862059024405953 10.4859285655461 135.039821510067 20 12.0321989312078 11.347987589952
840 -6.33822561281635 0.864611720440742 10.5170554147152 135.004964835069 20 12.0395431519948 11.381667135156
845 -6.3450453235434 0.867154378940148 10.5480603157147 134.970123375194 20 12.0468583671267 11.4152146946548
850 -6.35246672803101 0.869687161777127 10.5789452316909 134.935297616941 20 12.0541445208939 11.448632393468
855 -6.36047632422309 0.872210227919755 10.6097120905799 134.900488035146 20 12.0614015627438 11.4819223184996
860 -6.36906086799903 0.874723733478833 10.6403627856837 134.865695093197 20 12.0686294471701 11.5150865191625
865 -6.37820736878643 0.877227831754876 10.6708991762402 134.830919243249 20 12.075828133604 11.5481270079951
870 -6.38790308523295 0.879722673284493 10.7013230879852 134.796160926441 20 12.0829975863068 11.5810457612697
875 -6.39813552093712 0.882208405886159 10.7316363137068 134.761420573102 20 12.0901377742648 11.6138447195929
880 -6.40889242023774 0.884685174705385 10.7618406137932 134.72669860296 20 12.0972486710831 11.6465257884986
885 -6.42016176406176 0.887153122259285 10.7919377167726 134.691995425342 20 12.1043302548827 11.6790908390319
890 -6.43193176583004 0.889612388480537 10.821929319846 134.657311439375 20 12.1113825081995 11.7115417083265
895 -6.44419086742099 0.892063110760763 10.851817089413 134.622647034187 20 12.1184054178842 11.7438802001737
900 -6.45692773519146 0.894505423993295 10.8816026615898 134.588002589092 20 12.1253989750008 11.7761080855831
905 -6.47013125605462 0.896939460615372 10.9112876427209 134.553378473792 20 12.1323631747317 11.8082271033363
910 -6.48379053361456 0.899365350649735 10.9408736098831 134.518775048553 20 12.1392980162791 11.8402389605328
915 -6.49789488435691 0.90178322174565 10.9703621113823 134.484192664398 20 12.1462035027724 11.872145333128
920 -6.51243383389542 0.904193199219345 10.9997546672442 134.449631663286 20 12.1530796411715 11.9039478664636
925 -6.52739711327379 0.906595406093878 11.0290527696968 134.41509237829 20 12.1599264421783 11.9356481757907
930 -6.54277465532246 0.908989963138433 11.058257883647 134.380575133773 20 12.1667439201432 11.9672478467854
935 -6.55855659106985 0.911376988907049 11.0873714471496 134.346080245561 20 12.173532092977 11.9987484360566
940 -6.57473324620758 0.913756599776785 11.1163948718703 134.311608021113 20 12.1802909820616 12.0301514716471
945 -6.59129513760928 0.916128909985337 11.1453295435411 134.277158759688 20 12.1870206121653 12.0614584535265
950 -6.60823296990235 0.918494031668094 11.1741768224097 134.242732752511 20 12.1937210113552 12.0926708540778
955 -6.62553763209234 0.920852074894647 11.2029380436816 134.208330282929 20 12.2003922109146 12.1237901185762
960 -6.64320019423932 0.923203147704759 11.2316145179562 134.173951626577 20 12.2070342452603 12.154817665661
965 -6.6612119041858 0.925547356143797 11.2602075316564 134.139597051531 20 12.2136471518601 12.1857548878002
970 -6.67956418433571 0.927884804297626 11.2887183474509 134.105266818456 20 12.2202309711539 12.2166031517485
975 -6.69824862848384 0.930215594326982 11.3171482046712 134.070961180768 20 12.2267857464753 12.2473637989982
980 -6.71725699869523 0.932539826501315 11.3454983197218 134.036680384772 20 12.2333115239723 12.2780381462231
985 -6.73658122223408 0.934857599232121 11.3737698864836 134.00242466981 20 12.2398083525335 12.3086274857157
990 -6.75621338854146 0.937169009105762 11.4019640767122 133.968194268408 20 12.2462762837114 12.3391330858179
995 -6.7761457462615 0.939474150915767 11.430082040429 133.933989406412 20 12.2527153716496 12.3695561913448
1000 -6.79637070031527 0.941773117694651 11.458124906307 133.899810303127 20 12.2591256730107 12.3998980240017
1005 -6.81688080902208 0.944066000745219 11.4860937820501 133.865657171452 20 12.2655072469049 12.4301597827953
1010 -6.83766878126736 0.946352889671392 11.5139897547664 133.831530218016 20 12.2718601548202 12.4603426444378
1015 -6.85872747371682 0.94863387240854 11.5418138913363 133.797429643303 20 12.2781844605535 12.4904477637449
1020 -6.88004988807621 0.950909035253342 11.5695672387741 133.763355641785 20 12.2844802301438 12.5204762740274
1025 -6.90162916839611 0.953178462893161 11.5972508245837 133.729308402048 20 12.2907475318057 12.5504292874769
1030 -6.92345859842126 0.955442238434963 11.6248656571097 133.695288106912 20 12.2969864358649 12.5803078955446
1035 -6.94553159898389 0.95770044343376 11.6524127258815 133.661294933554 20 12.3031970146932 12.6101131693152
1040 -6.96784172544037 0.959953157920608 11.679893001953 133.627329053628 20 12.3093793426468 12.6398461598736
1045 -6.99038266515082 0.962200460430138 11.7073074382359 133.593390633383 20 12.3155334960048 12.669507898666
1050 -7.01314823500092 0.964442428027652 11.7346569698285 133.559479833773 20 12.3216595529085 12.6990993978562
1055 -7.03613237896555 0.966679136335774 11.7619425143384 133.525596810576 20 12.3277575933027 12.7286216506741
1060 -7.05932916571354 0.968910659560661 11.7891649721999 133.4917417145 20 12.3338276988763 12.7580756317606
1065 -7.08273278625318 0.971137070517791 11.8163252269872 133.457914691291 20 12.3398699530073 12.787462297505
1070 -7.10633755161772 0.973358440657319 11.8434241457212 133.424115881844 20 12.3458844407054 12.8167825863785
1075 -7.13013789059049 0.97557484008902 11.8704625791718 133.390345422304 20 12.3518712485571 12.8460374192608
1080 -7.15412834746901 0.977786337606811 11.8974413621552 133.356603444167 20 12.3578304646734 12.875227699762
1085 -7.17830357986759 0.979993000712874 11.9243613138263 133.322890074386 20 12.3637621786352 12.9043543145392
1090 -7.20265835655781 0.982194895641367 11.951223237966 133.289205435463 20 12.3696664814434 12.9334181336074
1095 -7.22718755534649 0.984392087381742 11.9780279232637 133.25554964555 20 12.3755434654664 12.9624200106455
1100 -7.25188616099042 0.98658463970167 12.0047761435954 133.221922818545 20 12.3813932243928 12.9913607832971
1105 -7.27674926314751 0.988772615169579 12.0314686582965 133.188325064179 20 12.3872158531797 13.020241273466
1110 -7.30177205436372 0.990956075176813 12.0581062124305 133.154756488114 20 12.3930114480089 13.0490622876073
1115 -7.32694982809528 0.993135079959409 12.0846895370533 133.121217192028 20 12.398780106236 13.0778246170127
1120 -7.35227797676569 0.995309688619509 12.1112193494719 133.087707273706 20 12.4045219263484 13.1065290380914
1125 -7.37775198985698 0.997479959146403 12.1376963535002 133.054226827121 20 12.410237007918 13.1351763126466
1130 -7.40336745203474 0.999645948437214 12.1641212397094 133.020775942526 20 12.4159254515586 13.1637671881466
1135 -7.42912004130633 1.00180771231722 12.1904946856741 132.98735470653 20 12.4215873588829 13.1923023979913
1140 -7.45500552721195 1.00396530555985 12.2168173562149 132.953963202182 20 12.4272228324591 13.2207826617748
1145 -7.48101976904781 1.00611878190629 12.2430899036361 132.92060150905 20 12.4328319757725 13.2492086855424
1150 -7.50715871412123 1.0082681940848 12.2693129679595 132.8872697033 20 12.4384148931831 13.2775811620443
1155 -7.53341839603683 1.01041359382965 12.2954871771543 132.85396785777 20 12.4439716898861 13.3059007709839
1160 -7.55979493301364 1.01255503189978 12.3216131473627 132.820696042047 20 12.4495024718754 13.3341681792625
1165 -7.58628452623246 1.01469255809706 12.347691483122 132.787454322541 20 12.4550073459031 13.3623840412191
1170 -7.61288345821302 1.0168262212843 12.3737227775822 132.754242762555 20 12.4604864194449 13.3905489988665
1175 -7.63958809122064 1.01895606940293 12.3997076127204 132.721061422355 20 12.4659398006641 13.4186636821234
1180 -7.66639486570159 1.02108214949031 12.4256465595512 132.687910359241 20 12.4713675983743 13.4467287090415
1185 -7.69330029874709 1.02320450769684 12.4515401783329 132.654789627617 20 12.476769922007 13.4747446860297
1190 -7.72030098258515 1.02532318930264 12.4773890187711 132.621699279051 20 12.4821468815768 13.5027122080738
1195 -7.74739358310005 1.02743823873407 12.5031936202179 132.588639362344 20 12.4874985876491 13.530631858952
1200 -7.77457483837886 1.02954969957985 12.5289545118675 132.555609923596 20 12.4928251513079 13.5585042114473
1205 -7.80184155728464 1.03165761460695 12.554672212949 132.522611006262 20 12.4981266841238 13.5863298275559
1210 -7.82919061805588 1.03376202577614 12.580347232915 132.489642651219 20 12.5034032981239 13.6141092586912
1215 -7.85661896693169 1.03586297425739 12.6059800716277 132.456704896825 20 12.5086551057623 13.6418430458851
1220 -7.88412361680242 1.03796050044481 12.6315712195404 132.423797778974 20 12.5138822198896 13.6695317199852
1225 -7.9117016458852 1.04005464397146 12.6571211578774 132.390921331157 20 12.5190847537247 13.6971758018488
1230 -7.93935019642404 1.04214544372389 12.6826303588088 132.358075584519 20 12.5242628208282 13.7247758025327
1235 -7.96706647341404 1.04423293785629 12.7080992856241 132.325260567911 20 12.5294165350738 13.7523322234804
1240 -7.99484774334938 1.04631716380457 12.7335283929009 132.292476307946 20 12.5345460106216 13.7798455567055
1245 -8.0226913329946 1.04839815830003 12.758918126672 132.259722829051 20 12.5396513618943 13.8073162849721
1250 -8.05059462817887 1.05047595738285 12.7842689245882 132.227000153521 20 12.5447327035486 13.8347448819711
1255 -8.07855507261276 1.05255059641535 12.8095812160792 132.194308301567 20 12.5497901504528 13.8621318124946
1260 -8.10657016672722 1.05462211009499 12.834855422511 132.161647291368 20 12.5548238176632 13.889477532606
1265 -8.1346374665344 1.05669053246707 12.8600919573405 132.129017139119 20 12.5598338203987 13.9167824898076
1270 -8.1627545825098 1.05875589693735 12.8852912262675 132.096417859077 20 12.5648202740198 13.9440471232048
1275 -8.19091917849556 1.06081823628427 12.9104536273836 132.06384946361 20 12.5697832940057 13.9712718636679
1280 -8.21912897062445 1.06287758267106 12.9355795513187 132.031311963241 20 12.5747229959317 13.9984571339898
1285 -8.24738172626413 1.06493396765757 12.9606693813847 131.998805366697 20 12.5796394954496 14.0256033490423
1290 -8.27567526298148 1.06698742221195 12.9857234937162 131.966329680945 20 12.5845329082661 14.0527109159281
1295 -8.30400744752658 1.06903797672201 13.0107422574093 131.933884911243 20 12.5894033501237 14.0797802341313
1300 -8.33237619483589 1.07108566100646 13.0357260346573 131.901471061175 20 12.5942509367791 14.1068116956638
1305 -8.36077946705453 1.0731305043259 13.0606751808842 131.8690881327 20 12.5990757839878 14.1338056852101
1310 -8.38921527257714 1.07517253539365 13.0855900448753 131.836736126185 20 12.6038780074815 14.1607625802689
1315 -8.41768166510701 1.07721178238631 13.1104709689059 131.804415040447 20 12.6086577229536 14.1876827512922
1320 -8.44617674273328 1.07924827295416 13.1353182888675 131.772124872793 20 12.6134150460395 14.2145665618216
1325 -8.47469864702572 1.08128203423139 13.1601323343913 131.739865619058 20 12.6181500923011 14.2414143686227
1330 -8.50324556214699 1.08331309284615 13.1849134289698 131.707637273638 20 12.6228629772083 14.2682265218159
1335 -8.53181571398182 1.08534147493028 13.209661890076 131.675439829531 20 12.6275538161258 14.2950033650063
1340 -8.560407369283 1.08736720612907 13.2343780292803 131.643273278369 20 12.6322227242941 14.3217452354094
1345 -8.58901883483388 1.08939031161065 13.2590621523652 131.611137610455 20 12.6368698168178 14.3484524639758
1350 -8.6176484566269 1.09141081607534 13.2837145594381 131.579032814795 20 12.6414952086478 14.3751253755134
1355 -8.64629461905808 1.0934287437647 13.3083355450416 131.546958879132 20 12.6460990145691 14.4017642888063
1360 -8.67495574413707 1.09544411847054 13.3329253982624 131.514915789979 20 12.6506813491867 14.428369516733
1365 -8.70363029071249 1.09745696354365 13.3574844028371 131.482903532652 20 12.6552423269097 14.4549413663808
1370 -8.73231675371231 1.09946730190244 13.382012837257 131.450922091296 20 12.6597820619423 14.4814801391595
1375 -8.76101366339896 1.10147515604138 13.4065109748704 131.418971448922 20 12.6643006682674 14.5079861309118
1380 -8.78971958463898 1.10348054803927 13.4309790839831 131.387051587432 20 12.6687982596372 14.5344596320224
1385 -8.81843311618685 1.10548349956742 13.4554174279571 131.35516248765 20 12.6732749495584 14.5609009275245
1390 -8.84715288998278 1.10748403189759 13.4798262653074 131.323304129351 20 12.6777308512838 14.587310297205
1395 -8.87587757046426 1.10948216590982 13.5042058497965 131.291476491289 20 12.6821660777985 14.6136880157063
1400 -8.90460585389101 1.11147792210014 13.5285564305281 131.259679551221 20 12.6865807418099 14.6400343526282
1405 -8.93333646768318 1.11347132058808 13.5528782520379 131.227913285937 20 12.6909749557385 14.666349572626
1410 -8.96206816977254 1.11546238112404 13.5771715543838 131.196177671288 20 12.6953488317056 14.6926339355078
1415 -8.99079974796637 1.1174511230966 13.601436573233 131.164472682206 20 12.6997024815256 14.7188876963296
1420 -9.01953001932383 1.11943756553959 13.625673539949 131.132798292731 20 12.7040360166946 14.7451111054886
1425 -9.04825782954466 1.12142172713904 13.6498826816758 131.10115447604 20 12.7083495483824 14.7713044088148
1430 -9.0769820523699 1.12340362624011 13.6740642214208 131.069541204464 20 12.7126431874238 14.7974678476609
1435 -9.10570158899439 1.12538328085369 13.6982183781366 131.037958449514 20 12.7169170443093 14.8236016589903
1440 -9.13441536749088 1.1273607086631 13.7223453668002 131.006406181908 20 12.7211712291773 14.8497060754633
1445 -9.1631223422456 1.12933592703043 13.7464453984919 130.974884371587 20 12.7254058518058 14.8757813255223
1450 -9.1918214934049 1.13130895300299 13.7705186804716 130.943392987739 20 12.7296210216059 14.9018276334746
1455 -9.22051182633292 1.13327980331941 13.7945654162545 130.911931998823 20 12.7338168476123 14.9278452195739
1460 -9.24919237107996 1.13524849441582 13.8185858056848 130.880501372587 20 12.7379934384784 14.9538343001006
1465 -9.27786218186147 1.13721504243179 13.8425800450079 130.849101076088 20 12.7421509024679 14.9797950874397
1470 -9.30652033654739 1.13917946321618 13.8665483269421 130.817731075715 20 12.7462893474486 15.0057277901583
1475 -9.33516593616158 1.1411417723329 13.8904908407476 130.786391337205 20 12.7504088808874 15.0316326130805
1480 -9.36379810439132 1.14310198506654 13.9144077722953 130.755081825667 20 12.7545096098414 15.0575097573618
1485 -9.39241598710655 1.1450601164279 13.9382993041335 130.723802505594 20 12.7585916409552 15.0833594205614
1490 -9.42101875188871 1.14701618115944 13.9621656155538 130.692553340887 20 12.7626550804529 15.1091817967133
1495 -9.44960558756898 1.14897019374051 13.9860068826557 130.66133429487 20 12.7667000341343 15.1349770763962
1500 -9.47817570377584 1.15092216839267 14.0098232784093 130.630145330307 20 12.7707266073684 15.160745446802
1505 -9.50672833049159 1.15287211908472 14.0336149727178 130.598986409422 20 12.77473490509 15.1864870918025
1510 -9.53526271761784 1.15482005953774 14.057382132478 130.567857493912 20 12.7787250317937 15.2122021920157
1515 -9.56377813454969 1.15676600323001 14.0811249216399 130.536758544968 20 12.7826970915306 15.2378909248699
1520 -9.59227386975847 1.15870996340183 14.1048435012653 130.505689523284 20 12.7866511879025 15.2635534646671
1525 -9.62074923038291 1.16065195306022 14.1285380295849 130.474650389079 20 12.7905874240588 15.2891899826451
1530 -9.64920354182848 1.16259198498357 14.1522086620544 130.44364110211 20 12.7945059026933 15.314800647038
1535 -9.67763614737488 1.16453007172621 14.1758555514099 130.412661621685 20 12.7984067260387 15.3403856231361
1540 -9.70604640779139 1.16646622562279 14.1994788477218 130.38171190668 20 12.8022899958651 15.3659450733446
1545 -9.73443370096001 1.16840045879272 14.2230786984474 130.350791915553 20 12.8061558134747 15.3914791572401
1550 -9.76279742150627 1.17033278314442 14.2466552484834 130.319901606356 20 12.8100042797004 15.4169880316278
1555 -9.79113698043744 1.17226321037951 14.2702086402161 130.28904093675 20 12.8138354949017 15.4424718505957
1560 -9.8194518047881 1.17419175199694 14.2937390135722 130.258209864018 20 12.8176495589623 15.4679307655691
1565 -9.84774133727293 1.176118419297 14.3172465060667 130.227408345079 20 12.8214465712877 15.4933649253637
1570 -9.87600503594651 1.17804322338532 14.3407312528518 130.196636336497 20 12.8252266308022 15.5187744762371
1575 -9.90424237387003 1.1799661751767 14.3641933867632 130.165893794498 20 12.8289898359468 15.5441595619399
1580 -9.93245283878483 1.18188728539894 14.3876330383665 130.135180674979 20 12.8327362846781 15.5695203237655
1585 -9.96063593279257 1.18380656459654 14.4110503360027 130.10449693352 20 12.8364660744635 15.5948569005992
1590 -9.98879117204184 1.18572402313439 14.4344454058317 130.073842525398 20 12.840179302283 15.6201694289661
1595 -10.0169180864213 1.18763967120132 14.4578183718765 130.043217405595 20 12.8438760646239 15.6454580430778
1600 -10.045016219259 1.18955351881361 14.4811693560655 130.01262152881 20 12.8475564574824 15.6707228748791
1605 -10.0730851270279 1.19146557581846 14.504498478274 129.982054849471 20 12.8512205763598 15.6959640540925
1610 -10.1011243790573 1.19337585189733 14.5278058563655 129.951517321744 20 12.8548685162624 15.7211817082628
1615 -10.1291335572503 1.19528435656926 14.5510916062315 129.921008899544 20 12.8585003716999 15.7463759628007
1620 -10.1571122558072 1.19719109919411 14.5743558418308 129.890529536544 20 12.862116236684 15.7715469410249
1625 -10.185060080954 1.19909608897574 14.5975986752285 129.860079186186 20 12.8657162047288 15.7966947642042
1630 -10.2129766506772 1.20099933496512 14.620820216633 129.829657801689 20 12.869300368848 15.8218195515981
1635 -10.2408615944638 1.20290084606337 14.6440205744335 129.799265336061 20 12.8728688215558 15.8469214204969
1640 -10.2687145530463 1.20480063102478 14.6671998552364 129.768901742104 20 12.8764216548658 15.8720004862612
1645 -10.2965351781532 1.2066986984597 14.6903581639005 129.738566972428 20 12.8799589602897 15.8970568623602
1650 -10.324323132265 1.20859505683746 14.7134956035718 129.708260979453 20 12.8834808288383 15.9220906604093
1655 -10.3520780883749 1.21048971448916 14.7366122757183 129.677983715424 20 12.8869873510205 15.9471019902075
1660 -10.379799729754 1.21238267961042 14.7597082801627 129.647735132414 20 12.8904786168424 15.9720909597731
1665 -10.4074877497223 1.21427396026412 14.7827837151157 129.617515182338 20 12.8939547158091 15.9970576753798
1670 -10.4351418514239 1.21616356438302 14.8058386772079 129.587323816953 20 12.8974157369224 16.0220022415909
1675 -10.4627617476064 1.21805149977235 14.8288732615215 129.557160987873 20 12.9008617686825 16.0469247612939
1680 -10.4903471604063 1.21993777411242 14.8518875616213 129.527026646572 20 12.9042928990883 16.0718253357337
1685 -10.517897821137 1.22182239496102 14.8748816695844 129.496920744391 20 12.907709215636 16.0967040645454
1690 -10.5454134700829 1.22370536975596 14.8978556760306 129.46684323255 20 12.911110805321 16.1215610457866
1695 -10.5728938562967 1.22558670581741 14.9208096701511 129.436794062149 20 12.9144977546383 16.1463963759685
1700 -10.600338737401 1.22746641035025 14.9437437397369 129.406773184178 20 12.9178701495818 16.1712101500871
1705 -10.6277478793948 1.22934449044639 14.9666579712069 129.376780549524 20 12.9212280756463 16.1960024616533
1710 -10.6551210564634 1.23122095308704 14.9895524496353 129.346816108974 20 12.9245716178272 16.2207734027223
1715 -10.6824580507919 1.23309580514488 15.0124272587782 129.316879813226 20 12.9279008606213 16.2455230639231
1720 -10.7097586523839 1.23496905338626 15.0352824811003 129.286971612892 20 12.9312158880279 16.2702515344866
1725 -10.7370226588824 1.23684070447329 15.0581181978 129.257091458504 20 12.9345167835502 16.2949589022733
1730 -10.7642498753959 1.23871076496598 15.0809344888353 129.22723930052 20 12.9378036301948 16.3196452538012
1735 -10.7914401143269 1.24057924132419 15.1037314329479 129.197415089332 20 12.941076510474 16.3443106742721
1740 -10.8185931952051 1.24244613990971 15.1265091076883 129.167618775268 20 12.9443355064063 16.368955247598
1745 -10.845708944523 1.24431146698817 15.1492675894384 129.1378503086 20 12.9475806995176 16.3935790564265
1750 -10.8727871955762 1.24617522873097 15.1720069534357 129.108109639548 20 12.9508121708424 16.4181821821666
1755 -10.8998277883058 1.24803743121718 15.1947272737957 129.078396718285 20 12.9540300009243 16.4427647050129
1760 -10.926830569145 1.24989808043532 15.2174286235344 129.048711494943 20 12.9572342698188 16.4673267039697
1765 -10.9537953908687 1.25175718228523 15.2401110745898 129.019053919616 20 12.9604250570936 16.4918682568751
1770 -10.9807221124461 1.25361474257983 15.262774697844 128.989423942369 20 12.9636024418294 16.5163894404238
1775 -11.0076105988963 1.2554707670468 15.2854195631436 128.959821513235 20 12.9667665026236 16.5408903301904
1780 -11.0344607211478 1.25732526133032 15.3080457393205 128.930246582229 20 12.9699173175883 16.5653710006508
1785 -11.0612723558997 1.25917823099274 15.3306532942123 128.900699099343 20 12.9730549643556 16.589831525205
1790 -11.0880453854869 1.26102968151618 15.3532422946818 128.871179014557 20 12.9761795200762 16.6142719761979
1795 -11.1147796977476 1.26287961830413 15.3758128066362 128.841686277841 20 12.9792910614226 16.6386924249404
1800 -11.1414751858939 1.26472804668305 15.3983648950468 128.812220839159 20 12.9823896645895 16.6630929417298
1805 -11.1681317483846 1.26657497190384 15.4208986239665 128.782782648471 20 12.9854754052976 16.6874735958704
1810 -11.1947492888018 1.2684203991434 15.4434140565491 128.75337165574 20 12.9885483587928 16.7118344556925
1815 -11.2213277157288 1.27026433350607 15.4659112550664 128.723987810934 20 12.9916085998494 16.7361755885725
1820 -11.2478669426316 1.27210678002507 15.488390280926 128.694631064032 20 12.9946562027716 16.7604970609511
1825 -11.2743668877425 1.27394774366393 15.5108511946883 128.665301365022 20 12.9976912413956 16.7847989383522
1830 -11.3008274739463 1.27578722931783 15.5332940560834 128.63599866391 20 13.0007137890906 16.8090812854012
1835 -11.3272486286685 1.27762524181504 15.5557189240273 128.606722910722 20 13.0037239187619 16.8333441658424
1840 -11.3536302837671 1.27946178591813 15.5781258566386 128.577474055505 20 13.006721702852 16.8575876425567
1845 -11.379972375425 1.28129686632539 15.6005149112533 128.548252048333 20 13.0097072133419 16.8818117775787
1850 -11.4062748440461 1.28313048767199 15.6228861444412 128.519056839307 20 13.0126805217547 16.9060166321132
1855 -11.4325376341532 1.28496265453134 15.6452396120205 128.489888378563 20 13.0156416991567 16.9302022665518
1860 -11.4587606942877 1.2867933714162 15.6675753690728 128.460746616267 20 13.0185908161586 16.954368740489
1865 -11.484943976912 1.28862264277999 15.6898934699577 128.431631502629 20 13.0215279429193 16.9785161127377
1870 -11.5110874383136 1.29045047301785 15.7121939683267 128.402542987893 20 13.0244531491464 17.0026444413446
1875 -11.5371910385117 1.2922768664679 15.7344769171377 128.373481022349 20 13.0273665040992 17.0267537836056
1880 -11.5632547411653 1.29410182741226 15.7567423686681 128.344445556333 20 13.0302680765901 17.0508441960803
1885 -11.589278513484 1.29592536007824 15.7789903745286 128.315436540229 20 13.033157934988 17.0749157346068
1890 -11.6152623261394 1.29774746863938 15.801220985676 128.286453924469 20 13.0360361472184 17.0989684543154
1895 -11.6412061531803 1.29956815721649 15.8234342524264 128.257497659542 20 13.0389027807676 17.1230024096429
1900 -11.667109971948 1.30138742987872 15.8456302244673 128.228567695989 20 13.0417579026834 17.147017654346
1905 -11.6929737629946 1.30320529064457 15.8678089508703 128.199663984411 20 13.044601579578 17.1710142415149
1910 -11.7187975100024 1.30502174348287 15.8899704801031 128.170786475466 20 13.0474338776301 17.1949922235859
1915 -11.7445811997051 1.30683679231376 15.9121148600411 128.141935119876 20 13.050254862587 17.2189516523549
1920 -11.7703248218115 1.30865044100966 15.9342421379794 128.113109868426 20 13.0530645997669 17.242892578989
1925 -11.7960283689298 1.31046269339617 15.9563523606437 128.084310671968 20 13.0558631540607 17.2668150540399
1930 -11.8216918364941 1.31227355325302 15.9784455742016 128.055537481419 20 13.0586505899351 17.2907191274547
1935 -11.8473152226923 1.31408302431495 16.0005218242737 128.02679024777 20 13.0614269714342 17.3146048485887
1940 -11.8728985283961 1.31589111027258 16.0225811559438 127.998068922079 20 13.0641923621819 17.3384722662164
1945 -11.8984417570916 1.3176978147733 16.0446236137698 127.969373455481 20 13.0669468253841 17.3623214285431
1950 -11.9239449148124 1.31950314142207 16.0666492417934 127.940703799183 20 13.0696904238314 17.3861523832155
1955 -11.9494080100735 1.32130709378229 16.0886580835509 127.912059904471 20 13.0724232199007 17.4099651773332
1960 -11.9748310538066 1.32310967537658 16.1106501820822 127.883441722707 20 13.075145275558 17.4337598574587
1965 -12.0002140592977 1.32491088968757 16.1326255799408 127.854849205336 20 13.0778566523611 17.4575364696283
1970 -12.025557042125 1.3267107401587 16.1545843192033 127.826282303881 20 13.0805574114603 17.481295059362
1975 -12.0508600200987 1.32850923019494 16.1765264414784 127.79774096995 20 13.0832476136027 17.5050356716733
1980 -12.076123013202 1.33030636316359 16.198451987916 127.769225155233 20 13.0859273191326 17.5287583510796
1985 -12.1013460435338 1.33210214239495 16.2203609992162 127.740734811509 20 13.0885965879961 17.5524631416112
1990 -12.1265291352518 1.33389657118307 16.2422535156378 127.712269890639 20 13.0912554797409 17.5761500868208
1995 -12.1516723145179 1.33568965278644 16.2641295770066 127.683830344578 20 13.0939040535212 17.599819229793
2000 -12.1767756094438 1.33748139042866 16.2859892227242 127.655416125365 20 13.0965423680969 17.6234706131529
2005 -12.2018390500388 1.33927178729914 16.3078324917757 127.627027185132 20 13.0991704818391 17.6471042790749
2010 -12.2268626681578 1.34106084655374 16.329659422738 127.598663476104 20 13.1017884527298 17.6707202692917
2015 -12.2518464974512 1.34284857131539 16.3514700537872 127.570324950596 20 13.1043963383668 17.6943186251026
2020 -12.2767905733155 1.34463496467477 16.3732644227067 127.542011561018 20 13.1069941959638 17.7178993873814
2025 -12.3016949328453 1.3464200296909 16.3950425668943 127.513723259877 20 13.1095820823535 17.7414625965852
2030 -12.326559614786 1.3482037693917 16.41680452337 127.485459999772 20 13.1121600539905 17.7650082927617
2035 -12.3513846594879 1.34998618677469 16.4385503287826 127.457221733402 20 13.1147281669526 17.7885365155572
2040 -12.3761701088612 1.35176728480746 16.4602800194171 127.429008413563 20 13.1172864769444 17.8120473042246
2045 -12.4009160063319 1.35354706642829 16.4819936312017 127.400819993148 20 13.1198350392978 17.83554069763
2050 -12.4256223967989 1.35532553454671 16.5036911997141 127.372656425153 20 13.1223739089763 17.8590167342609
2055 -12.4502893265917 1.35710269204401 16.5253727601887 127.344517662671 20 13.1249031405758 17.8824754522327
2060 -12.47491684343 1.35887854177383 16.5470383475224 127.316403658898 20 13.1274227883276 17.9059168892963
2065 -12.4995049963825 1.36065308656261 16.5686879962816 127.288314367131 20 13.1299329061005 17.9293410828442
2070 -12.5240538358285 1.36242632921017 16.5903217407079 127.260249740771 20 13.1324335474039 17.9527480699181
2075 -12.5485634134192 1.36419827249014 16.6119396147244 127.23220973332 20 13.1349247653887 17.9761378872146
2080 -12.5730337820403 1.36596891915053 16.6335416519417 127.204194298387 20 13.1374066128502 17.9995105710923
2085 -12.5974649957749 1.36773827191415 16.6551278856637 127.176203389684 20 13.1398791422308 18.0228661575779
2090 -12.6218571098685 1.36950633347909 16.6766983488931 127.148236961027 20 13.1423424056218 18.0462046823722
2095 -12.6462101806933 1.3712731065192 16.6982530743374 127.120294966341 20 13.1447964547662 18.0695261808566
2100 -12.6705242657143 1.37303859368455 16.7197920944139 127.092377359655 20 13.1472413410594 18.0928306880984
2105 -12.6947994234558 1.37480279760181 16.7413154412554 127.064484095105 20 13.1496771155546 18.1161182388572
2110 -12.7190357134687 1.37656572087477 16.7628231467155 127.036615126937 20 13.1521038289615 18.1393888675903
2115 -12.7432331962989 1.37832736608467 16.7843152423735 127.008770409501 20 13.1545215316504 18.1626426084581
2120 -12.7673919334554 1.38008773579071 16.8057917595394 126.980949897259 20 13.1569302736549 18.1858794953301
2125 -12.7915119873808 1.38184683253038 16.8272527292591 126.95315354478 20 13.1593301046726 18.2090995617895
2130 -12.8155934214208 1.3836046588199 16.8486981823192 126.925381306743 20 13.1617210740691 18.2323028411391
2135 -12.8396362997953 1.38536121715458 16.8701281492515 126.897633137936 20 13.1641032308782 18.2554893664061
2140 -12.8636406875701 1.38711651000924 16.8915426603378 126.869908993257 20 13.166476623806 18.2786591703471
2145 -12.8876066506293 1.38887053983855 16.9129417456145 126.842208827716 20 13.1688413012319 18.301812285453
2150 -12.9115342556476 1.39062330907739 16.9343254348767 126.814532596432 20 13.1711973112112 18.3249487439541
2155 -12.9354235700647 1.39237482014127 16.9556937576832 126.786880254636 20 13.1735447014774 18.3480685778245
2160 -12.9592746620587 1.39412507542659 16.97704674336 126.75925175767 20 13.1758835194449 18.3711718187866
2165 -12.983087600521 1.39587407731105 16.998384421005 126.731647060988 20 13.178213812209 18.394258498316
2170 -13.006862455032 1.39762182815397 17.0197068194919 126.704066120154 20 13.1805356265511 18.4173286476458
2175 -13.0305992958367 1.3993683302966 17.0410139674742 126.676508890847 20 13.1828490089385 18.4403822977708
2180 -13.054298193821 1.40111358606248 17.0623058933893 126.648975328857 20 13.1851540055279 18.4634194794518
2185 -13.0779592204892 1.40285759775771 17.0835826254621 126.621465390086 20 13.1874506621663 18.4864402232198
2190 -13.1015824479413 1.4046003676713 17.1048441917086 126.59397903055 20 13.1897390243949 18.5094445593799
2195 -13.1251679488508 1.40634189807545 17.1260906199402 126.566516206376 20 13.1920191374488 18.5324325180157
2200 -13.1487157964441 1.40808219122585 17.1473219377668 126.539076873807 20 13.1942910462617 18.5554041289927
2205 -13.1722260644788 1.40982124936198 17.1685381726004 126.511660989196 20 13.1965547954662 18.5783594219624
2210 -13.1956988272237 1.41155907470738 17.1897393516586 126.484268509012 20 13.1988104293967 18.601298426366
2215 -13.2191341594389 1.41329566946994 17.2109255019682 126.456899389835 20 13.2010579920911 18.6242211714381
2220 -13.2425321363563 1.41503103584217 17.232096650368 126.42955358836 20 13.2032975272924 18.6471276862102
2225 -13.2658928336608 1.41676517600147 17.2532528235128 126.402231061396 20 13.2055290784527 18.6700179995142
2230 -13.2892163274713 1.41849809211038 17.2743940478757 126.374931765865 20 13.2077526887322 18.6928921399861
2235 -13.3125026943233 1.42022978631685 17.2955203497519 126.347655658803 20 13.2099684010043 18.7157501360688
2240 -13.3357520111508 1.42196026075448 17.3166317552616 126.320402697359 20 13.2121762578556 18.7385920160161
2245 -13.3589643552692 1.42368951754278 17.3377282903527 126.293172838798 20 13.2143763015888 18.7614178078954
2250 -13.3821398043587 1.42541755878739 17.3588099808039 126.265966040495 20 13.2165685742245 18.7842275395913
2255 -13.4052784364475 1.42714438658033 17.3798768522279 126.238782259943 20 13.2187531175028 18.8070212388083
2260 -13.4283803298963 1.42887000300024 17.4009289300736 126.211621454746 20 13.2209299728856 18.8297989330738
2265 -13.4514455633824 1.43059441011258 17.4219662396292 126.184483582624 20 13.2230991815592 18.8525606497417
2270 -13.4744742158844 1.43231760996986 17.4429888060248 126.157368601409 20 13.2252607844354 18.8753064159947
2275 -13.4974663666676 1.43403960461187 17.4639966542353 126.130276469048 20 13.2274148221532 18.8980362588471
2280 -13.5204220952694 1.4357603960659 17.4849898090824 126.103207143601 20 13.2295613350819 18.9207502051483
2285 -13.5433414814852 1.43747998634691 17.5059682952377 126.076160583241 20 13.2317003633222 18.9434482815846
2290 -13.5662246053545 1.43919837745775 17.5269321372249 126.049136746258 20 13.233831946708 18.9661305146827
2295 -13.5890715471475 1.44091557138939 17.5478813594223 126.02213559105 20 13.2359561248094 18.9887969308117
2300 -13.6118823873523 1.44263157012107 17.5688159860651 125.995157076134 20 13.2380729369324 19.0114475561862
2305 -13.6346572066615 1.44434637562051 17.5897360412477 125.968201160138 20 13.2401824221231 19.0340824168683
2310 -13.6573960859604 1.44605998984412 17.6106415489263 125.941267801801 20 13.2422846191687 19.0567015387704
2315 -13.6800991063144 1.44777241473715 17.6315325329205 125.91435695998 20 13.2443795665991 19.0793049476576
2320 -13.7027663489573 1.44948365223386 17.6524090169162 125.887468593641 20 13.2464673026889 19.10189266915
2325 -13.7253978952796 1.45119370425774 17.6732710244672 125.860602661865 20 13.2485478654589 19.124464728725
2330 -13.7479938268176 1.45290257272166 17.6941185789976 125.833759123846 20 13.2506212926793 19.1470211517193
2335 -13.7705542252421 1.45461025952804 17.7149517038038 125.806937938888 20 13.2526876218695 19.1695619633318
2340 -13.7930791723477 1.45631676656899 17.7357704220562 125.780139066411 20 13.2547468903017 19.1920871886252
2345 -13.8155687500425 1.45802209572651 17.7565747568017 125.753362465945 20 13.256799135001 19.2145968525282
2350 -13.8380230403382 1.45972624887265 17.7773647309652 125.726608097133 20 13.258844392749 19.2370909798378
2355 -13.8604421253395 1.46142922786962 17.7981403673517 125.699875919731 20 13.2608827000842 19.2595695952213
2360 -13.882826087235 1.46313103456999 17.818901688648 125.673165893606 20 13.2629140933043 19.282032723218
2365 -13.9051750082879 1.46483167081681 17.8396487174249 125.646477978735 20 13.2649386084678 19.3044803882417
2370 -13.9274889708262 1.46653113844377 17.8603814761382 125.619812135209 20 13.2669562813956 19.326912614582
2375 -13.9497680572345 1.46822943927533 17.8810999871313 125.593168323231 20 13.268967147674 19.3493294264066
2380 -13.9720123499449 1.46992657512688 17.9018042726363 125.566546503111 20 13.2709712426535 19.3717308477632
2385 -13.9942219314287 1.47162254780486 17.9224943547761 125.539946635275 20 13.2729686014543 19.394116902581
2390 -14.0163968841882 1.47331735910689 17.9431702555656 125.513368680255 20 13.2749592589647 19.4164876146725
2395 -14.0385372907483 1.47501101082193 17.9638319969135 125.486812598698 20 13.2769432498443 19.4388430077355
2400 -14.0606432336494 1.47670350473037 17.9844796006241 125.460278351357 20 13.278920608526 19.4611831053545
2405 -14.0827147954391 1.47839484260419 18.0051130883985 125.433765899099 20 13.2808913692166 19.4835079310027
2410 -14.1047520586652 1.48008502620705 18.0257324818362 125.407275202899 20 13.2828555658988 19.5058175080432
2415 -14.1267551058684 1.48177405729446 18.0463378024365 125.38080622384 20 13.2848132323342 19.528111859731
2420 -14.1487240195754 1.48346193761385 18.0669290716003 125.354358923117 20 13.286764402062 19.5503910092141
2425 -14.1706588822919 1.4851486689047 18.087506310631 125.327933262034 20 13.2887091084031 19.5726549795357
2430 -14.1925597764959 1.48683425289866 18.1080695407362 125.301529202003 20 13.2906473844621 19.5949037936349
2435 -14.2144267846318 1.48851869131967 18.1286187830291 125.275146704543 20 13.292579263126 19.6171374743488
2440 -14.2362599891033 1.49020198588405 18.1491540585297 125.248785731286 20 13.2945047770683 19.6393560444137
2445 -14.2580594722681 1.49188413830063 18.1696753881659 125.222446243968 20 13.2964239587496 19.6615595264665
2450 -14.2798253164314 1.49356515027082 18.1901827927752 125.196128204434 20 13.2983368404198 19.683747943046
2455 -14.3015576038404 1.49524502348874 18.2106762931058 125.169831574637 20 13.3002434541185 19.7059213165946
2460 -14.3232564166786 1.49692375964132 18.2311559098176 125.143556316639 20 13.3021438316776 19.728079669459
2465 -14.3449218370606 1.4986013604084 18.2516216634837 125.117302392607 20 13.3040380047225 19.7502230238921
2470 -14.3665539470262 1.50027782746279 18.2720735745914 125.091069764814 20 13.3059260046731 19.7723514020542
2475 -14.3881528285361 1.50195316247042 18.2925116635433 125.064858395643 20 13.307807862746 19.7944648260137
2480 -14.4097185634661 1.50362736709039 18.3129359506586 125.03866824758 20 13.309683609956 19.816563317749
2485 -14.4312512336028 1.5053004429751 18.3333464561743 125.012499283219 20 13.3115532771173 19.8386468991494
2490 -14.4527509206386 1.50697239177028 18.3537432002459 124.986351465259 20 13.3134168948446 19.8607155920162
2495 -14.4742177061674 1.50864321511514 18.3741262029487 124.960224756506 20 13.3152744935552 19.8827694180638
2500 -14.4956516716797 1.51031291464242 18.3944954842788 124.934119119868 20 13.3171261034706 19.9048083989212
2505 -14.5170528985588 1.51198149197847 18.4148510641543 124.908034518361 20 13.3189717546167 19.9268325561328
2510 -14.5384214680763 1.51364894874337 18.435192962416 124.881970915104 20 13.3208114768268 19.9488419111593
2515 -14.5597574613881 1.51531528655096 18.4555211988284 124.855928273321 20 13.3226452997419 19.9708364853794
2520 -14.5810609595305 1.51698050700895 18.475835793081 124.82990655634 20 13.3244732528133 19.99281630009
2525 -14.6023320434163 1.518644611719 18.496136764789 124.803905727593 20 13.3262953653017 20.014781376508
2530 -14.6235707938315 1.52030760227676 18.516424133494 124.777925750615 20 13.3281116662813 20.0367317357708
2535 -14.6447772914309 1.521969480272 18.5366979186653 124.751966589044 20 13.3299221846401 20.0586673989373
2540 -14.6659516167355 1.52363024728863 18.5569581397007 124.726028206621 20 13.33172694908 20.0805883869893
2545 -14.6870938501284 1.5252899049048 18.577204815927 124.70011056719 20 13.3335259881202 20.1024947208318
2550 -14.7082040718522 1.52694845469296 18.5974379666015 124.674213634697 20 13.3353193300978 20.1243864212944
2555 -14.7292823620054 1.52860589821994 18.6176576109122 124.648337373191 20 13.3371070031678 20.1462635091321
2560 -14.7503288005392 1.530262237047 18.6378637679789 124.622481746821 20 13.338889035307 20.1681260050259
2565 -14.7713434672553 1.5319174727299 18.6580564568542 124.596646719837 20 13.3406654543133 20.1899739295841
2570 -14.792326441802 1.53357160681898 18.678235696524 124.570832256593 20 13.3424362878074 20.2118073033429
2575 -14.8132778036724 1.53522464085921 18.698401505908 124.545038321541 20 13.344201563235 20.2336261467672
2580 -14.8341976322009 1.53687657639023 18.7185539038613 124.519264879235 20 13.3459613078668 20.2554304802515
2585 -14.8550860065613 1.53852741494647 18.7386929091743 124.493511894327 20 13.3477155488004 20.2772203241208
2590 -14.8759430057638 1.54017715805714 18.758818540574 124.467779331572 20 13.3494643129624 20.2989956986311
2595 -14.8967687086528 1.54182580724634 18.7789308167241 124.442067155822 20 13.3512076271074 20.3207566239704
2600 -14.9175631939047 1.5434733640331 18.7990297562265 124.416375332029 20 13.3529455178223 20.3425031202596
2605 -14.9383265400253 1.54511982993142 18.8191153776213 124.390703825244 20 13.3546780115246 20.3642352075527
2610 -14.9590588253478 1.54676520645035 18.8391876993877 124.365052600617 20 13.3564051344657 20.385952905838
2615 -14.9797601280308 1.54840949509403 18.8592467399448 124.339421623396 20 13.3581269127308 20.4076562350388
2620 -15.0004305260563 1.55005269736174 18.879292517652 124.313810858926 20 13.3598433722415 20.4293452150138
2625 -15.0210700972273 1.55169481474798 18.89932505081 124.288220272651 20 13.3615545387558 20.4510198655579
2630 -15.0416789191667 1.55333584874246 18.9193443576608 124.262649830111 20 13.3632604378691 20.4726802064032
2635 -15.0622570693147 1.55497580083023 18.9393504563889 124.237099496945 20 13.3649610950166 20.4943262572191
2640 -15.0828046249278 1.55661467249165 18.9593433651217 124.211569238886 20 13.3666565354742 20.5159580376134
2645 -15.1033216630764 1.5582524652025 18.97932310193 124.186059021767 20 13.3683467843584 20.5375755671325
2650 -15.1238082606437 1.559889180434 18.9992896848286 124.160568811512 20 13.370031866629 20.5591788652626
2655 -15.1442644943242 1.56152481965283 19.019243131777 124.135098574146 20 13.3717118070891 20.5807679514298
2660 -15.1646904406217 1.56315938432125 19.0391834606797 124.109648275787 20 13.3733866303873 20.6023428450009
2665 -15.1850861758485 1.56479287589705 19.0591106893869 124.084217882647 20 13.3750563610182 20.623903565284
2670 -15.2054517761237 1.56642529583366 19.0790248356952 124.058807361035 20 13.3767210233233 20.6454501315289
2675 -15.2257873173718 1.56805664558019 19.0989259173479 124.033416677353 20 13.3783806414929 20.666982562928
2680 -15.2460928753217 1.56968692658143 19.1188139520352 124.008045798098 20 13.3800352395663 20.6885008786166
2685 -15.2663685255057 1.57131614027793 19.1386889573955 123.982694689861 20 13.3816848414332 20.7100050976735
2690 -15.2866143432575 1.57294428810601 19.1585509510153 123.957363319326 20 13.3833294708356 20.7314952391213
2695 -15.3068304037124 1.57457137149784 19.1783999504297 123.932051653269 20 13.3849691513677 20.7529713219275
2700 -15.3270167818049 1.57619739188144 19.198235973123 123.906759658562 20 13.3866039064776 20.7744333650045
2705 -15.3471735522689 1.57782235068073 19.2180590365295 123.881487302167 20 13.3882337594686 20.7958813872102
2710 -15.3673007896359 1.57944624931558 19.2378691580331 123.856234551139 20 13.3898587334986 20.8173154073487
2715 -15.3873985682347 1.58106908920183 19.2576663549687 123.831001372626 20 13.3914788515845 20.8387354441705
2720 -15.4074669621902 1.58269087175132 19.2774506446219 123.805787733866 20 13.3930941365992 20.8601415163733
2725 -15.4275060454226 1.58431159837197 19.2972220442301 123.780593602188 20 13.3947046112759 20.881533642602
2730 -15.447515891647 1.58593127046775 19.3169805709821 123.755418945015 20 13.3963102982075 20.9029118414499
2735 -15.4674965743722 1.58754988943877 19.3367262420194 123.730263729858 20 13.3979112198475 20.9242761314581
2740 -15.4874481669004 1.58916745668127 19.3564590744358 123.705127924319 20 13.3995073985118 20.9456265311171
2745 -15.5073707423265 1.59078397358769 19.3761790852786 123.68001149609 20 13.40109885638 20.9669630588663
2750 -15.5272643735373 1.59239944154666 19.3958862915482 123.654914412954 20 13.4026856154945 20.9882857330949
2755 -15.5471291332113 1.59401386194309 19.4155807101991 123.629836642782 20 13.4042676977637 21.0095945721422
2760 -15.5669650938176 1.59562723615814 19.43526235814 123.604778153534 20 13.4058451249615 21.0308895942981
2765 -15.5867723276162 1.59723956556928 19.4549312522341 123.57973891326 20 13.4074179187289 21.0521708178033
2770 -15.606550906657 1.59885085155034 19.4745874092996 123.554718890097 20 13.4089861005751 21.07343826085
2775 -15.6263009027794 1.60046109547149 19.4942308461103 123.529718052273 20 13.4105496918779 21.0946919415818
2780 -15.6460223876123 1.6020702986993 19.5138615793954 123.5047363681 20 13.412108713885 21.1159318780947
2785 -15.6657154325734 1.60367846259679 19.5334796258403 123.479773805981 20 13.4136631877151 21.1371580884371
2790 -15.685380108869 1.60528558852339 19.5530850020866 123.454830334404 20 13.4152131343583 21.15837059061
2795 -15.7050164874937 1.60689167783504 19.5726777247328 123.429905921946 20 13.4167585746774 21.1795694025678
2800 -15.7246246392303 1.60849673188418 19.5922578103343 123.405000537268 20 13.418299529409 21.2007545422185
2805 -15.7442046346493 1.61010075201977 19.6118252754041 123.380114149121 20 13.4198360191637 21.2219260274239
2810 -15.7637565441089 1.61170373958734 19.6313801364126 123.355246726337 20 13.421368064428 21.243083876
2815 -15.7832804377548 1.61330569592899 19.6509224097884 123.330398237839 20 13.4228956855642 21.2642281057174
2820 -15.8027763855202 1.61490662238346 19.6704521119182 123.305568652633 20 13.4244189028121 21.2853587343017
2825 -15.8222444571252 1.61650652028608 19.6899692591476 123.280757939809 20 13.4259377362893 21.3064757794336
2830 -15.8416847220775 1.61810539096887 19.7094738677807 123.255966068543 20 13.4274522059927 21.3275792587496
2835 -15.8610972496714 1.61970323576051 19.7289659540811 123.231193008097 20 13.428962331798 21.3486691898417
2840 -15.8804821089886 1.62130005598639 19.7484455342719 123.206438727815 20 13.4304681334625 21.3697455902583
2845 -15.8998393688978 1.62289585296865 19.7679126245357 123.181703197126 20 13.4319696306247 21.3908084775043
2850 -15.9191690980547 1.62449062802614 19.7873672410153 123.156986385542 20 13.4334668428056 21.4118578690414
2855 -15.9384713649019 1.62608438247452 19.8068093998137 123.132288262658 20 13.4349597894086 21.4328937822882
2860 -15.9577462376694 1.6276771176262 19.8262391169947 123.107608798154 20 13.4364484897223 21.4539162346209
2865 -15.9769937843743 1.62926883479046 19.8456564085826 123.082947961791 20 13.4379329629195 21.4749252433731
2870 -15.996214072821 1.63085953527336 19.8650612905631 123.058305723413 20 13.4394132280584 21.4959208258365
2875 -16.0154071706013 1.63244922037786 19.8844537788831 123.033682052946 20 13.440889304084 21.5169029992609
2880 -16.0345731450945 1.63403789140377 19.903833889451 123.009076920397 20 13.4423612098287 21.5378717808548
2885 -16.0537120634677 1.63562554964781 19.9232016381372 122.984490295856 20 13.4438289640126 21.558827187785
2890 -16.0728239926757 1.63721219640362 19.9425570407742 122.959922149494 20 13.4452925852453 21.5797692371778
2895 -16.0919089994617 1.63879783296176 19.9619001131567 122.935372451562 20 13.4467520920252 21.6006979461184
2900 -16.1109671503567 1.64038246060977 19.9812308710419 122.910841172392 20 13.4482075027418 21.6216133316517
2905 -16.1299985116804 1.64196608063214 20.0005493301501 122.886328282397 20 13.4496588356756 21.6425154107822
2910 -16.1490031495414 1.64354869431037 20.0198555061642 122.86183375207 20 13.4511061089992 21.6634042004746
2915 -16.1679811298369 1.64513030292295 20.0391494147307 122.837357551983 20 13.4525493407776 21.6842797176537
2920 -16.1869325182536 1.64671090774543 20.0584310714593 122.812899652788 20 13.4539885489702 21.7051419792048
2925 -16.2058573802677 1.64829051005038 20.0777004919235 122.788460025217 20 13.4554237514299 21.7259910019739
2930 -16.224755781145 1.64986911110744 20.0969576916607 122.764038640079 20 13.4568549659047 21.7468268027681
2935 -16.2436277859418 1.65144671218334 20.1162026861722 122.739635468263 20 13.4582822100382 21.7676493983556
2940 -16.2624734595045 1.65302331454189 20.1354354909239 122.715250480736 20 13.4597055013712 21.7884588054658
2945 -16.2812928664705 1.65459891944403 20.154656121346 122.690883648544 20 13.4611248573413 21.80925504079
2950 -16.3000860712683 1.65617352814783 20.1738645928334 122.66653494281 20 13.4625402952842 21.8300381209812
2955 -16.3188531381178 1.6577471419085 20.193060920746 122.642204334734 20 13.4639518324333 21.8508080626545
2960 -16.3375941310309 1.6593197619784 20.2122451204087 122.617891795593 20 13.4653594859229 21.8715648823871
2965 -16.3563091138118 1.6608913896071 20.2314172071118 122.593597296743 20 13.4667632727865 21.8923085967189
2970 -16.3749981500573 1.66246202604132 20.2505771961109 122.569320809615 20 13.4681632099589 21.9130392221522
2975 -16.3936613031571 1.66403167252504 20.2697251026275 122.545062305716 20 13.469559314276 21.9337567751525
2980 -16.4122986362947 1.66560033029942 20.2888609418487 122.520821756631 20 13.4709516024751 21.9544612721482
2985 -16.4309102124474 1.66716800060287 20.3079847289279 122.49659913402 20 13.472340091198 21.9751527295307
2990 -16.4494960943867 1.66873468467106 20.3270964789843 122.472394409616 20 13.4737247969892 21.9958311636554
2995 -16.4680563446791 1.67030038373692 20.3461962071039 122.448207555232 20 13.475105736297 22.0164965908408
3000 -16.4865910256863 1.67186509903067 20.3652839283389 122.424038542752 20 13.4764829254752 22.0371490273696
3005 -16.5051001995656 1.6734288317798 20.3843596577085 122.399887344137 20 13.4778563807834 22.0577884894883
3010 -16.5235839282707 1.67499158320914 20.4034234101986 122.375753931422 20 13.479226118386 22.0784149934077
3015 -16.5420422735518 1.67655335454081 20.4224752007622 122.351638276716 20 13.4805921543562 22.099028555303
3020 -16.5604752969565 1.67811414699429 20.4415150443196 122.327540352201 20 13.4819545046732 22.1196291913139
3025 -16.5788830598297 1.67967396178639 20.4605429557584 122.303460130134 20 13.4833131852246 22.1402169175448
3030 -16.5972656233149 1.68123280013129 20.4795589499336 122.279397582846 20 13.4846682118075 22.1607917500649
3035 -16.6156230483539 1.68279066324054 20.4985630416682 122.255352682739 20 13.4860196001281 22.1813537049088
3040 -16.6339553956879 1.68434755232308 20.5175552457528 122.23132540229 20 13.487367365802 22.2019027980759
3045 -16.6522627258578 1.68590346858524 20.5365355769461 122.207315714046 20 13.4887115243563 22.2224390455313
3050 -16.6705450992047 1.68745841323077 20.5555040499748 122.18332359063 20 13.4900520912289 22.2429624632056
3055 -16.6888025758706 1.68901238746083 20.5744606795341 122.159349004734 20 13.4913890817696 22.263473066995
3060 -16.7070352157987 1.69056539247402 20.5934054802876 122.135391929122 20 13.4927225112416 22.2839708727617
3065 -16.7252430787342 1.6921174294664 20.6123384668674 122.111452336631 20 13.4940523948195 22.3044558963338
3070 -16.7434262242247 1.69366849963146 20.6312596538744 122.08753020017 20 13.4953787475931 22.3249281535058
3075 -16.7615847116207 1.69521860416018 20.6501690558782 122.063625492716 20 13.4967015845657 22.3453876600384
3080 -16.7797186000764 1.69676774424101 20.6690666874177 122.039738187319 20 13.4980209206561 22.3658344316587
3085 -16.7978279485501 1.69831592105991 20.6879525630007 122.015868257099 20 13.4993367706981 22.3862684840606
3090 -16.8159128158047 1.6998631358003 20.7068266971044 121.992015675247 20 13.5006491494416 22.4066898329047
3095 -16.8339732604085 1.70140938964317 20.7256891041755 121.968180415023 20 13.5019580715532 22.4270984938186
3100 -16.8520093407356 1.70295468376698 20.7445397986299 121.944362449756 20 13.5032635516168 22.4474944823969
3105 -16.8700211149666 1.70449901934776 20.7633787948537 121.920561752848 20 13.5045656041344 22.4678778142014
3110 -16.8880086410891 1.70604239755907 20.7822061072022 121.896778297765 20 13.5058642435253 22.4882485047613
3115 -16.9059719768983 1.70758481957203 20.8010217500012 121.873012058047 20 13.5071594841285 22.5086065695733
3120 -16.9239111799977 1.70912628655533 20.8198257375463 121.849263007299 20 13.5084513402028 22.5289520241016
3125 -16.9418263077994 1.71066679967522 20.8386180841031 121.825531119198 20 13.5097398259261 22.5492848837783
3130 -16.9597174175254 1.71220636009555 20.8573988039079 121.801816367486 20 13.5110249553971 22.5696051640034
3135 -16.9775845662072 1.71374496897777 20.8761679111671 121.778118725974 20 13.5123067426361 22.5899128801449
3140 -16.9954278106874 1.7152826274809 20.8949254200579 121.754438168543 20 13.5135852015844 22.6102080475388
3145 -17.0132472076194 1.71681933676163 20.9136713447279 121.730774669139 20 13.5148603461055 22.6304906814895
3150 -17.0310428134689 1.71835509797422 20.9324056992957 121.707128201775 20 13.5161321899862 22.65076079727
3155 -17.0488146845138 1.7198899122706 20.9511284978508 121.683498740533 20 13.5174007469359 22.6710184101214
3160 -17.0665628768452 1.72142378080033 20.9698397544535 121.659886259561 20 13.5186660305875 22.6912635352539
3165 -17.0842874463678 1.72295670471062 20.9885394831355 121.636290733073 20 13.5199280544989 22.7114961878461
3170 -17.101988448801 1.72448868514634 21.0072276978996 121.61271213535 20 13.5211868321523 22.7317163830459
3175 -17.1196659396787 1.72601972325005 21.0259044127198 121.589150440738 20 13.5224423769555 22.7519241359698
3180 -17.1373199743506 1.72754982016195 21.0445696415419 121.565605623651 20 13.5236947022419 22.7721194617038
3185 -17.1549506079827 1.72907897701997 21.063223398283 121.542077658567 20 13.5249438212703 22.792302375303
3190 -17.1725578955577 1.73060719495971 21.081865696832 121.518566520029 20 13.5261897472279 22.8124728917917
3195 -17.190141891876 1.73213447511449 21.1004965510496 121.495072182646 20 13.527432493228 22.8326310261641
3200 -17.2077026515557 1.73366081861532 21.1191159747682 121.471594621092 20 13.5286720723122 22.8527767933836
3205 -17.225240229034 1.73518622659096 21.1377239817925 121.448133810105 20 13.5299084974498 22.8729102083835
3210 -17.2427546785674 1.73671070016788 21.1563205858991 121.424689724489 20 13.5311417815394 22.8930312860669
3215 -17.2602460542322 1.73823424047031 21.1749058008367 121.401262339109 20 13.5323719374081 22.913140041307
3220 -17.2777144099256 1.73975684862021 21.1934796403265 121.377851628898 20 13.5335989778134 22.9332364889467
3225 -17.295159799366 1.74127852573729 21.2120421180621 121.35445756885 20 13.5348229154419 22.9533206437994
3230 -17.3125822760935 1.74279927293904 21.2305932477094 121.331080134023 20 13.5360437629126 22.9733925206484
3235 -17.329981893471 1.74431909134071 21.2491330429071 121.307719299539 20 13.5372615327738 22.9934521342478
3240 -17.3473587046845 1.74583798205534 21.2676615172665 121.284375040583 20 13.5384762375059 23.0134994993218
3245 -17.3647127627438 1.74735594619373 21.2861786843716 121.261047332403 20 13.5396878895218 23.0335346305653
3250 -17.3820441204831 1.74887298486451 21.3046845577795 121.237736150307 20 13.5408965011663 23.053557542644
3255 -17.3993528305618 1.75038909917409 21.3231791510202 121.21444146967 20 13.5421020847173 23.0735682501943
3260 -17.4166389454649 1.75190429022669 21.3416624775966 121.191163265925 20 13.5433046523856 23.0935667678233
3265 -17.4339025175039 1.75341855912435 21.360134550985 121.16790151457 20 13.5445042163163 23.1135531101093
3270 -17.4511435988171 1.75493190696694 21.3785953846348 121.144656191163 20 13.5457007885884 23.1335272916017
3275 -17.4683622413707 1.75644433485215 21.3970449919688 121.121427271324 20 13.5468943812158 23.153489326821
3280 -17.485558496959 1.75795584387553 21.4154833863833 121.098214730735 20 13.5480850061476 23.1734392302589
3285 -17.5027324172053 1.75946643513044 21.4339105812481 121.075018545137 20 13.5492726752675 23.1933770163785
3290 -17.5198840535622 1.76097610970814 21.4523265899064 121.051838690334 20 13.5504574003966 23.2133026996145
3295 -17.5370134573128 1.76248486869771 21.4707314256755 121.02867514219 20 13.5516391932908 23.2332162943732
3300 -17.5541206795708 1.76399271318611 21.4891251018461 121.00552787663 20 13.5528180656439 23.2531178150322
3305 -17.5712057712815 1.76549964425819 21.5075076316831 120.982396869637 20 13.5539940290865 23.2730072759413
3310 -17.5882687832222 1.76700566299667 21.5258790284251 120.959282097257 20 13.555167095187 23.2928846914218
3315 -17.6053097660028 1.76851077048215 21.544239305285 120.936183535593 20 13.556337275451 23.3127500757671
3320 -17.6223287700668 1.77001496779314 21.5625884754495 120.913101160811 20 13.5575045813241 23.3326034432427
3325 -17.6393258456914 1.77151825600603 21.5809265520799 120.890034949133 20 13.5586690241889 23.352444808086
3330 -17.6563010429886 1.77302063619515 21.5992535483116 120.866984876842 20 13.5598306153686 23.3722741845067
3335 -17.6732544119056 1.77452210943273 21.6175694772542 120.843950920279 20 13.5609893661255 23.3920915866869
3340 -17.6901860022254 1.7760226767889 21.6358743519921 120.820933055845 20 13.5621452876618 23.411897028781
3345 -17.7070958635674 1.77752233933176 21.6541681855841 120.797931259999 20 13.5632983911205 23.4316905249159
3350 -17.7239840453884 1.77902109812731 21.6724509910636 120.774945509257 20 13.564448687585 23.4514720891909
3355 -17.7408505969827 1.78051895423951 21.6907227814386 120.751975780195 20 13.5655961880803 23.4712417356781
3360 -17.7576955674831 1.78201590873027 21.7089835696922 120.729022049447 20 13.5667409035722 23.4909994784224
3365 -17.7745190058612 1.78351196265943 21.7272333687819 120.706084293703 20 13.5678828449697 23.5107453314414
3370 -17.7913209609284 1.78500711708482 21.7454721916406 120.683162489712 20 13.5690220231226 23.5304793087255
3375 -17.8081014813362 1.78650137306221 21.763700051176 120.66025661428 20 13.5701584488248 23.5502014242382
3380 -17.824860615577 1.78799473164537 21.7819169602708 120.637366644269 20 13.5712921328124 23.5699116919161
3385 -17.8415984119848 1.78948719388603 21.8001229317829 120.614492556601 20 13.5724230857655 23.589610125669
3390 -17.8583149187354 1.79097876083391 21.8183179785457 120.59163432825 20 13.5735513183075 23.6092967393796
3395 -17.8750101838474 1.79246943353671 21.8365021133676 120.568791936252 20 13.5746768410061 23.6289715469043
3400 -17.8916842551829 1.79395921304015 21.8546753490326 120.545965357694 20 13.5757996643739 23.6486345620727
3405 -17.9083371804476 1.79544810038794 21.8728376983 120.523154569723 20 13.5769197988678 23.6682857986879
3410 -17.924969007192 1.79693609662179 21.8909891739047 120.500359549541 20 13.5780372548902 23.6879252705265
3415 -17.9415797828115 1.79842320278144 21.9091297885573 120.477580274405 20 13.5791520427893 23.7075529913388
3420 -17.9581695545475 1.79990941990465 21.9272595549441 120.454816721628 20 13.5802641728588 23.7271689748487
3425 -17.9747383694875 1.80139474902719 21.9453784857268 120.432068868578 20 13.5813736553396 23.746773234754
3430 -17.991286274566 1.80287919118288 21.9634865935435 120.409336692678 20 13.5824805004179 23.7663657847264
3435 -18.0078133165653 1.80436274740358 21.9815838910078 120.386620171408 20 13.583584718228 23.7859466384114
3440 -18.0243195421156 1.80584541871917 21.9996703907093 120.3639192823 20 13.5846863188511 23.8055158094285
3445 -18.0408049976958 1.8073272061576 22.0177461052138 120.341234002943 20 13.5857853123158 23.8250733113714
3450 -18.0572697296344 1.80880811074488 22.035811047063 120.318564310979 20 13.5868817085991 23.8446191578079
3455 -18.0737137841096 1.81028813350506 22.0538652287751 120.295910184104 20 13.5879755176262 23.8641533622801
3460 -18.0901372071503 1.81176727546027 22.0719086628442 120.273271600068 20 13.5890667492709 23.8836759383044
3465 -18.1065400446365 1.8132455376307 22.0899413617409 120.250648536678 20 13.5901554133557 23.9031868993716
3470 -18.1229223422999 1.81472292103464 22.1079633379121 120.228040971789 20 13.5912415196529 23.9226862589467
3475 -18.1392841457244 1.81619942668843 22.1259746037813 120.205448883315 20 13.592325077884 23.9421740304697
3480 -18.155625500347 1.81767505560654 22.1439751717483 120.18287224922 20 13.5934060977214 23.9616502273549
3485 -18.1719464514579 1.81914980880149 22.1619650541897 120.160311047521 20 13.5944845887861 23.9811148629912
3490 -18.1882470442017 1.82062368728392 22.1799442634587 120.137765256291 20 13.5955605606508 24.0005679507426
3495 -18.2045273235774 1.82209669206258 22.197912811885 120.115234853653 20 13.5966340228388 24.0200095039475
3500 -18.2207873344391 1.82356882414432 22.2158707117753 120.092719817782 20 13.5977049848253 24.0394395359196
3505 -18.2370271214971 1.8250400845341 22.2338179754132 120.070220126909 20 13.5987734560354 24.0588580599473
3510 -18.2532467293177 1.82651047423501 22.2517546150591 120.047735759313 20 13.5998394458481 24.0782650892941
3515 -18.2694462023242 1.82797999424826 22.2696806429503 120.025266693328 20 13.6009029635924 24.0976606371985
3520 -18.2856255847976 1.8294486455732 22.2875960713012 120.002812907339 20 13.6019640185512 24.1170447168744
3525 -18.3017849208768 1.8309164292073 22.3055009123035 119.980374379781 20 13.6030226199595 24.1364173415108
3530 -18.3179242545593 1.83238334614618 22.3233951781258 119.957951089144 20 13.6040787770058 24.155778524272
3535 -18.3340436297021 1.8338493973836 22.3412788809141 119.935543013966 20 13.6051324988309 24.1751282782976
3540 -18.3501430900216 1.83531458391147 22.3591520327915 119.913150132838 20 13.6061837945303 24.194466616703
3545 -18.3662226790947 1.83677890671987 22.3770146458587 119.890772424402 20 13.6072326731529 24.2137935525785
3550 -18.3822824403592 1.83824236679702 22.3948667321936 119.86840986735 20 13.6082791437018 24.2331090989906
3555 -18.3983224171144 1.83970496512933 22.4127083038518 119.846062440424 20 13.6093232151342 24.2524132689812
3560 -18.4143426525214 1.84116670270135 22.4305393728663 119.823730122419 20 13.6103648963632 24.2717060755677
3565 -18.4303431896042 1.84262758049583 22.4483599512477 119.801412892178 20 13.6114041962556 24.2909875317435
3570 -18.4463240712494 1.8440875994937 22.4661700509842 119.779110728595 20 13.612441123634 24.3102576504779
3575 -18.4622853402077 1.84554676067405 22.483969684042 119.756823610614 20 13.613475687277 24.329516444716
3580 -18.4782270390938 1.8470050650142 22.5017588623647 119.734551517228 20 13.6145078959189 24.3487639273789
3585 -18.4941492103871 1.84846251348963 22.5195375978741 119.712294427481 20 13.6155377582496 24.3680001113637
3590 -18.5100518964325 1.84991910707403 22.5373059024696 119.690052320465 20 13.6165652829161 24.3872250095436
3595 -18.5259351394403 1.85137484673931 22.5550637880288 119.667825175323 20 13.6175904785216 24.4064386347681
3600 -18.5417989814877 1.85282973345557 22.5728112664071 119.645612971245 20 13.6186133536265 24.4256409998627
3605 -18.5576434645183 1.85428376819113 22.5905483494383 119.623415687472 20 13.6196339167483 24.4448321176294
3610 -18.5734686303434 1.85573695191253 22.6082750489339 119.601233303293 20 13.6206521763618 24.4640120008465
3615 -18.5892745206423 1.85718928558454 22.625991376684 119.579065798044 20 13.6216681409 24.4831806622686
3620 -18.6050611769625 1.85864077017014 22.6436973444568 119.556913151113 20 13.6226818187537 24.5023381146269
3625 -18.6208286407208 1.86009140663057 22.6613929639986 119.534775341933 20 13.6236932182718 24.5214843706292
3630 -18.6365769532034 1.86154119592529 22.6790782470344 119.512652349987 20 13.6247023477623 24.5406194429597
3635 -18.6523061555667 1.86299013901199 22.6967532052675 119.490544154806 20 13.625709215491 24.5597433442795
3640 -18.6680162888374 1.86443823684663 22.7144178503797 119.468450735967 20 13.6267138296833 24.5788560872263
3645 -18.6837073939136 1.86588549038342 22.7320721940312 119.446372073096 20 13.6277161985241 24.5979576844146
3650 -18.6993795115648 1.86733190057481 22.7497162478609 119.424308145868 20 13.6287163301576 24.6170481484357
3655 -18.7150326824329 1.86877746837151 22.7673500234864 119.402258934002 20 13.6297142326873 24.636127491858
3660 -18.730666947032 1.87022219472252 22.784973532504 119.380224417268 20 13.6307099141773 24.6551957272265
3665 -18.7462823457499 1.87166608057508 22.8025867864887 119.358204575479 20 13.6317033826521 24.6742528670637
3670 -18.7618789188475 1.87310912687473 22.8201897969942 119.336199388497 20 13.6326946460961 24.6932989238689
3675 -18.7774567064604 1.87455133456525 22.8377825755533 119.314208836232 20 13.6336837124549 24.7123339101186
3680 -18.7930157485984 1.87599270458875 22.8553651336777 119.292232898639 20 13.6346705896349 24.7313578382665
3685 -18.8085560851469 1.8774332378856 22.8729374828579 119.270271555719 20 13.6356552855039 24.7503707207435
3690 -18.8240777558666 1.87887293539445 22.8904996345636 119.248324787519 20 13.6366378078914 24.7693725699581
3695 -18.8395808003946 1.88031179805227 22.9080516002435 119.226392574135 20 13.6376181645874 24.7883633982958
3700 -18.8550652582446 1.88174982679433 22.9255933913255 119.204474895706 20 13.6385963633452 24.8073432181198
3705 -18.8705311688074 1.88318702255418 22.9431250192167 119.182571732418 20 13.6395724118796 24.8263120417708
3710 -18.8859785713515 1.8846233862637 22.9606464953033 119.160683064501 20 13.6405463178679 24.845269881567
3715 -18.9014075050237 1.88605891885308 22.978157830951 119.138808872234 20 13.6415180889504 24.8642167498041
3720 -18.916818008849 1.88749362125083 22.9956590375048 119.116949135939 20 13.642487732729 24.8831526587556
3725 -18.9322101217319 1.88892749438376 23.013150126289 119.095103835982 20 13.6434552567701 24.9020776206728
3730 -18.9475838824564 1.89036053917703 23.0306311086076 119.073272952776 20 13.6444206686031 24.9209916477846
3735 -18.9629393296865 1.89179275655412 23.0481019957438 119.05145646678 20 13.6453839757198 24.9398947522979
3740 -18.9782765019668 1.89322414743685 23.0655627989605 119.029654358494 20 13.6463451855771 24.9587869463974
3745 -18.9935954377228 1.89465471274537 23.0830135295004 119.007866608466 20 13.6473043055947 24.9776682422458
3750 -19.0088961752618 1.89608445339818 23.1004541985856 118.986093197288 20 13.6482613431577 24.9965386519838
3755 -19.0241787527727 1.89751337031213 23.1178848174181 118.964334105594 20 13.6492163056146 25.0153981877302
3760 -19.0394432083272 1.89894146440239 23.1353053971795 118.942589314065 20 13.6501692002784 25.0342468615818
3765 -19.0546895798796 1.90036873658254 23.1527159490313 118.920858803425 20 13.651120034428 25.0530846856138
3770 -19.0699179052678 1.90179518776447 23.1701164841149 118.899142554441 20 13.6520688153063 25.0719116718794
3775 -19.0851282222134 1.90322081885845 23.1875070135518 118.877440547924 20 13.6530155501218 25.0907278324102
3780 -19.1003205683224 1.90464563077313 23.204887548443 118.855752764731 20 13.6539602460477 25.1095331792161
3785 -19.1154949810856 1.90606962441552 23.22225809987 118.834079185759 20 13.6549029102242 25.1283277242855
3790 -19.1306514978788 1.907492800691 23.2396186788941 118.81241979195 20 13.6558435497565 25.1471114795851
3795 -19.1457901559638 1.90891516050333 23.2569692965568 118.79077456429 20 13.6567821717153 25.1658844570602
3800 -19.1609109924883 1.91033670475468 23.2743099638799 118.769143483807 20 13.6577187831386 25.1846466686345
3805 -19.1760140444865 1.91175743434556 23.2916406918651 118.747526531571 20 13.6586533910306 25.2033981262106
3810 -19.19109934888 1.91317735017491 23.3089614914947 118.725923688697 20 13.6595860023616 25.2221388416696
3815 -19.2061669424775 1.91459645314005 23.3262723737312 118.704334936341 20 13.6605166240693 25.2408688268712
3820 -19.2212168619759 1.91601474413671 23.3435733495174 118.682760255701 20 13.6614452630581 25.2595880936541
3825 -19.2362491439603 1.91743222405901 23.3608644297766 118.66119962802 20 13.6623719261997 25.2782966538356
3830 -19.2512638249046 1.91884889379948 23.3781456254125 118.639653034581 20 13.6632966203334 25.296994519212
3835 -19.2662609411721 1.92026475424907 23.3954169473095 118.618120456709 20 13.6642193522656 25.3156817015586
3840 -19.2812405290158 1.92167980629714 23.4126784063323 118.596601875772 20 13.6651401287713 25.3343582126295
3845 -19.2962026245785 1.92309405083145 23.4299300133265 118.57509727318 20 13.6660589565929 25.3530240641579
3850 -19.3111472638941 1.92450748873823 23.4471717791179 118.553606630382 20 13.666975842441 25.3716792678562
3855 -19.3260744828869 1.92592012090208 23.4644037145136 118.532129928873 20 13.6678907929948 25.3903238354157
3860 -19.3409843173731 1.92733194820608 23.4816258303011 118.510667150186 20 13.668803814902 25.4089577785071
3865 -19.3558768030605 1.92874297153171 23.4988381372486 118.489218275896 20 13.6697149147786 25.4275811087803
3870 -19.3707519755492 1.9301531917589 23.5160406461055 118.46778328762 20 13.6706240992104 25.4461938378644
3875 -19.3856098703321 1.93156260976603 23.5332333676018 118.446362167016 20 13.6715313747515 25.4647959773678
3880 -19.4004505227952 1.93297122642991 23.5504163124486 118.424954895781 20 13.6724367479257 25.4833875388785
3885 -19.4152739682179 1.93437904262581 23.5675894913379 118.403561455655 20 13.673340225226 25.5019685339637
3890 -19.4300802417737 1.93578605922746 23.5847529149428 118.382181828417 20 13.6742418131151 25.5205389741703
3895 -19.4448693785305 1.93719227710703 23.6019065939175 118.360815995888 20 13.6751415180256 25.5390988710245
3900 -19.4596414134509 1.93859769713516 23.6190505388972 118.339463939929 20 13.6760393463602 25.5576482360324
3905 -19.4743963813927 1.94000232018095 23.6361847604985 118.31812564244 20 13.6769353044917 25.5761870806795
3910 -19.4891343171094 1.94140614711198 23.653309269319 118.296801085362 20 13.6778293987629 25.594715416431
3915 -19.5038552552505 1.94280917879429 23.6704240759376 118.275490250676 20 13.6787216354877 25.6132332547319
3920 -19.5185592303618 1.94421141609239 23.6875291909147 118.254193120404 20 13.6796120209497 25.6317406070071
3925 -19.5332462768863 1.9456128598693 23.7046246247918 118.232909676605 20 13.6805005614047 25.6502374846611
3930 -19.5479164291637 1.94701351098648 23.7217103880921 118.21163990138 20 13.6813872630785 25.6687238990785
3935 -19.5625697214319 1.94841337030391 23.7387864913198 118.190383776868 20 13.6822721321685 25.6871998616237
3940 -19.5772061878264 1.94981243868005 23.7558529449611 118.169141285249 20 13.6831551748431 25.7056653836412
3945 -19.5918258623814 1.95121071697185 23.7729097594835 118.147912408741 20 13.6840363972426 25.7241204764553
3950 -19.6064287790298 1.95260820603476 23.7899569453359 118.126697129601 20 13.6849158054788 25.7425651513707
3955 -19.6210149716039 1.95400490672273 23.8069945129492 118.105495430126 20 13.6857934056356 25.760999419672
3960 -19.6355844738354 1.95540081988821 23.8240224727358 118.08430729265 20 13.686669203768 25.779423292624
